	YEAR	MONTH	DAY	HOUR	MIN	  LAT	LON	P_hail_BC2019	MIN10PCT	MIN19PCT	MIN37PCT	MIN85PCT	FLAG
	2014	04	05	11	11	 -24.83	 122.73	0.439		290.4064	250.5316	205.6740	129.0780	0
	2014	04	26	04	04	 -37.82	 154.12	0.491		274.3833	262.3407	190.0981	100.4089	1
	2014	05	02	01	55	 -34.69	 154.26	0.302		273.0558	266.1429	214.4625	113.7481	1
	2014	05	21	07	42	 -27.51	 126.67	0.222		307.2687	265.6648	224.8472	145.4815	0
	2014	05	21	07	42	 -25.77	 126.86	0.317		315.8432	261.1158	209.2517	128.4761	0
	2014	07	25	10	20	 -39.98	 153.83	0.785		265.9528	250.4153	195.6287	 98.3462	1
	2014	09	09	12	02	 -36.88	 147.68	0.242		271.2675	264.0773	225.6805	120.1462	1
	2014	10	19	02	06	 -28.85	 122.10	0.205		286.8278	259.7376	217.1978	142.2825	0
	2014	10	19	11	52	 -26.08	 123.38	0.459		303.5817	257.0978	208.3407	126.1917	0
	2014	10	27	08	02	 -26.95	 152.76	0.244		277.7611	261.9821	214.6478	143.5551	0
	2014	10	30	08	29	 -28.46	 131.53	0.210		297.1253	266.0901	226.3882	142.9756	0
	2014	10	31	07	36	 -28.01	 131.68	0.323		295.7907	260.8662	207.7929	127.4345	0
	2014	11	01	08	19	 -23.53	 128.55	0.587		295.6328	238.8542	194.0774	117.3733	0
	2014	11	01	08	20	 -17.53	 129.85	0.241		294.5175	262.3464	219.8979	136.8114	0
	2014	11	05	04	44	 -38.42	 151.26	0.410		271.5613	260.5985	213.7826	 96.1987	1
	2014	11	05	04	45	 -33.66	 150.77	0.539		276.3181	257.6827	203.5732	127.9559	0
	2014	11	06	07	04	 -16.01	 125.13	0.398		299.7042	259.6161	202.3379	112.5757	1
	2014	11	08	06	52	 -20.15	 120.41	0.858		295.1092	231.4147	177.0219	 73.4551	1
	2014	11	12	04	53	 -30.36	 120.74	0.721		284.8521	250.0969	192.8673	 94.7461	1
	2014	11	12	04	54	 -30.33	 121.70	0.452		295.8200	252.1017	208.2342	122.7845	0
	2014	11	12	04	54	 -29.94	 121.05	0.421		296.2355	260.5695	212.9836	132.2726	0
	2014	11	14	04	46	 -18.35	 124.55	0.219		299.7042	269.9960	226.9047	103.3669	1
	2014	11	14	04	47	 -14.79	 125.52	0.316		287.8322	263.0733	215.0935	 75.6377	1
	2014	11	30	21	40	 -40.09	 148.60	0.204		273.4004	267.6968	222.0179	116.2678	1
	2014	12	04	11	32	 -15.45	 130.74	0.638		283.7040	255.8621	170.3405	 78.1099	1
	2014	12	05	10	41	 -17.91	 140.67	0.404		291.1788	264.6070	193.8515	 71.0614	1
	2014	12	05	10	41	 -18.05	 139.74	0.869		286.2933	244.0364	157.3259	 68.8269	1
	2014	12	05	10	45	 -32.58	 150.82	0.281		278.0885	264.1059	213.4653	113.8870	1
	2014	12	06	09	48	 -15.72	 144.79	0.457		289.3532	257.8154	194.3342	 96.3009	1
	2014	12	06	09	48	 -16.78	 145.85	0.377		276.9083	261.6917	195.9349	 81.7942	1
	2014	12	06	11	20	 -15.75	 126.89	0.608		281.0753	256.8404	174.8811	 54.9434	1
	2014	12	06	11	22	 -19.88	 129.24	0.409		295.0781	259.1883	198.5174	 96.2133	1
	2014	12	06	21	11	 -21.17	 133.08	0.319		283.6953	265.6596	203.4097	 94.8797	1
	2014	12	07	10	28	 -19.41	 129.69	0.787		287.3392	237.1743	167.4492	 95.1397	1
	2014	12	07	10	29	 -20.17	 131.10	0.258		330.1075	264.4208	215.9756	123.9136	1
	2014	12	07	10	30	 -21.29	 132.56	0.364		293.8979	263.5233	195.2004	 78.9079	1
	2014	12	07	10	30	 -21.82	 133.55	0.968		272.6759	226.6409	137.3335	 63.3234	1
	2014	12	07	10	30	 -22.59	 134.25	0.776		281.4698	247.9274	172.5732	 81.7470	1
	2014	12	07	10	31	 -24.80	 135.42	0.227		339.3401	269.6314	223.8603	108.4252	1
	2014	12	08	09	37	 -16.22	 143.22	0.200		291.0773	267.5892	224.4854	134.6051	0
	2014	12	08	09	38	 -24.01	 150.07	0.509		276.8533	257.9144	183.5256	 82.0408	1
	2014	12	09	08	46	 -25.02	 149.59	0.391		283.9690	261.7752	189.7335	 85.6816	1
	2014	12	09	08	46	 -24.58	 150.66	0.311		286.6202	263.2790	211.8569	106.8988	1
	2014	12	09	08	46	 -25.37	 151.20	0.560		276.4731	255.8508	180.3763	 86.7906	1
	2014	12	09	08	47	 -28.20	 152.10	0.382		288.3986	255.0112	197.1060	117.4415	1
	2014	12	09	08	47	 -27.37	 153.07	0.371		272.1896	256.2229	202.3501	 85.4297	1
	2014	12	09	10	18	 -20.65	 133.54	0.249		297.0550	268.4479	209.5297	 97.1578	1
	2014	12	10	09	27	 -24.20	 143.06	0.245		312.8773	272.0469	203.6300	 88.1896	1
	2014	12	11	08	35	 -25.96	 145.73	0.252		281.5445	266.4270	211.5171	105.6125	0
	2014	12	11	08	35	 -26.10	 146.86	0.383		286.7558	261.5277	198.3316	 91.0659	1
	2014	12	13	19	46	 -15.18	 134.14	0.280		284.6445	266.7860	194.8639	 72.1787	1
	2014	12	13	19	46	 -14.20	 134.82	0.429		286.6121	264.2361	177.4384	 58.8171	1
	2014	12	14	09	01	 -15.36	 125.72	0.617		287.3791	257.6740	167.0939	 63.8314	1
	2014	12	14	09	01	 -16.61	 124.79	0.255		302.3066	266.9493	196.2680	 81.7258	1
	2014	12	14	09	01	 -17.90	 123.19	0.277		309.1585	270.7624	195.4352	 73.5252	1
	2014	12	15	08	08	 -13.37	 130.89	0.418		291.8970	263.7958	188.0714	 72.3189	1
	2014	12	15	08	15	 -37.44	 149.18	0.581		276.1588	252.8262	194.4994	120.3006	1
	2014	12	17	07	55	 -13.97	 131.11	0.312		293.4511	266.0706	187.9598	 81.8333	1
	2014	12	17	07	56	 -14.41	 130.26	0.313		288.2198	266.8351	191.2387	 58.1433	1
	2014	12	17	07	56	 -14.47	 126.33	0.394		292.4948	263.6027	180.9281	 73.1224	1
	2014	12	17	07	56	 -15.95	 131.59	0.403		307.8327	262.5268	197.7375	 77.6014	1
	2014	12	19	07	48	 -26.61	 121.59	0.405		303.6885	251.0454	206.9946	134.0397	0
	2014	12	21	06	03	 -16.93	 141.59	0.232		297.1839	268.9423	207.2805	 90.4851	1
	2014	12	21	06	04	 -18.48	 139.01	0.306		297.2483	265.9030	204.8827	 69.5098	1
	2014	12	21	07	39	 -28.02	 124.84	0.320		300.9795	257.8116	207.1184	114.3850	1
	2014	12	23	05	53	 -15.98	 134.89	0.231		290.6447	268.6273	208.0678	 78.2533	1
	2014	12	23	05	53	 -17.28	 136.96	0.208		304.9714	269.2787	214.2059	 90.2322	1
	2014	12	23	05	58	 -33.34	 146.42	0.592		294.7231	254.9315	191.0605	 87.4598	1
	2014	12	29	03	54	 -38.67	 148.41	0.243		270.6291	265.1345	224.4114	143.4216	0
	2014	12	31	13	28	 -16.51	 143.14	0.344		287.0195	264.4639	196.8151	 83.2525	1
	2015	01	03	13	55	 -15.99	 124.36	0.284		283.1594	269.6043	194.7195	 70.8823	1
	2015	01	14	09	00	 -26.65	 149.39	0.219		281.4474	269.1143	206.0678	 88.2669	1
	2015	01	14	09	00	 -25.21	 148.62	0.247		286.3703	267.3374	207.3874	 99.7901	1
	2015	01	16	08	50	 -21.24	 142.96	0.296		300.7338	269.7435	190.2585	 80.5390	1
	2015	01	16	08	51	 -22.14	 146.04	0.232		295.2277	271.1835	205.5989	 90.3978	1
	2015	01	16	08	51	 -18.70	 145.97	0.278		284.1401	267.6771	205.2983	 70.9706	1
	2015	01	18	08	42	 -12.24	 142.53	0.277		294.8601	263.1285	208.5767	 64.3142	1
	2015	01	18	08	42	 -15.17	 144.77	0.284		291.7061	267.5912	199.0082	 69.3434	1
	2015	01	20	06	55	 -24.22	 148.71	0.211		282.2767	263.4617	214.8459	133.9457	0
	2015	01	20	21	45	 -18.02	 127.41	0.229		288.3762	265.5241	212.1881	100.9061	1
	2015	01	21	07	37	 -19.04	 142.94	0.288		287.4530	267.5540	197.6900	 71.9207	1
	2015	01	21	07	38	 -18.26	 146.52	0.290		284.3882	267.6172	198.6609	 78.9598	1
	2015	01	21	20	53	 -16.49	 136.76	0.372		284.1657	265.2969	185.8730	 71.4934	1
	2015	01	21	20	53	 -15.99	 138.14	0.270		281.9254	270.6729	193.3071	 64.1006	1
	2015	01	21	20	54	 -15.86	 139.18	0.390		278.2155	265.5665	182.2243	 60.1632	1
	2015	01	22	06	44	 -22.57	 145.80	0.345		292.9248	265.6431	197.0091	 78.2615	1
	2015	01	24	06	34	 -20.25	 148.00	0.218		289.3010	270.6121	209.2385	 61.2015	1
	2015	01	24	08	08	 -14.78	 126.54	0.242		303.2988	268.6630	213.2514	 84.4283	1
	2015	01	24	08	08	 -14.20	 127.28	0.341		298.6306	266.5891	183.8578	 59.1452	1
	2015	01	24	21	25	 -21.59	 122.64	0.677		287.7169	254.7301	170.6817	 63.8417	1
	2015	01	25	05	40	 -24.31	 151.98	0.668		285.6853	254.7351	162.1370	 61.4741	1
	2015	01	25	05	41	 -21.09	 148.86	0.218		288.0220	270.4524	201.7475	 83.8398	1
	2015	01	25	07	14	 -16.84	 129.38	0.616		284.0289	255.9203	184.0634	 69.1261	1
	2015	01	25	07	15	 -15.94	 128.76	0.236		298.1246	270.0358	216.5557	 95.1562	1
	2015	01	25	07	15	 -14.74	 127.15	0.314		289.5397	265.8309	201.9416	 71.7978	1
	2015	01	27	05	28	 -27.28	 148.24	0.256		294.8102	270.0089	204.6258	 86.4062	1
	2015	01	27	05	28	 -24.89	 147.06	0.559		287.2193	257.2475	183.9252	 88.3762	1
	2015	01	27	05	28	 -24.20	 146.72	0.301		300.0492	265.1689	211.8096	134.7321	0
	2015	01	27	07	04	 -14.99	 129.72	0.206		289.6889	271.3727	201.9502	 71.0030	1
	2015	01	30	05	58	 -22.60	 123.80	0.308		312.9234	267.1133	187.4602	 84.5234	1
	2015	01	31	20	00	 -26.52	 113.15	0.243		274.0387	264.8493	207.0314	 89.3790	1
	2015	02	12	15	47	 -17.99	 121.50	0.461		278.6799	261.5208	186.6735	 88.2544	1
	2015	02	14	14	09	 -35.00	 151.34	0.952		269.6462	226.7463	152.5101	 75.4323	1
	2015	02	18	13	42	 -15.69	 124.04	0.216		287.2752	271.4809	202.5350	 73.9662	1
	2015	02	20	00	15	 -12.48	 121.35	0.575		274.4374	257.4056	170.0535	 63.9915	1
	2015	02	20	00	16	 -11.69	 121.47	0.226		278.0538	266.6737	213.2465	 94.9694	1
	2015	02	20	13	31	 -16.61	 122.50	0.361		277.3277	266.1267	187.0137	 71.2162	1
	2015	02	21	12	38	 -13.48	 127.84	0.240		280.9771	268.0472	208.0445	 79.5986	1
	2015	02	21	12	39	 -17.16	 125.06	0.860		281.7236	245.0706	154.0699	 58.3442	1
	2015	02	22	00	05	 -14.77	 120.86	0.320		277.5754	266.0357	198.2961	 71.9707	1
	2015	02	23	10	55	 -15.01	 142.43	0.235		294.4224	271.1864	206.7636	 59.0522	1
	2015	02	23	10	57	 -20.16	 145.17	0.275		292.8184	263.2105	201.2824	 98.1228	1
	2015	02	23	10	57	 -20.42	 146.49	0.463		285.2590	258.8751	190.6088	 54.9644	1
	2015	02	25	10	45	 -17.78	 138.05	0.304		293.7060	267.2398	203.1633	 84.6170	1
	2015	02	25	10	45	 -18.39	 137.97	0.305		284.3026	261.9215	207.6211	 98.2715	1
	2015	02	26	09	56	 -29.49	 150.21	0.600		278.4577	242.7254	184.5825	 86.6162	1
	2015	02	26	09	57	 -30.93	 151.21	0.424		271.5309	251.0586	200.7731	126.3289	0
	2015	02	26	11	26	 -18.23	 123.12	0.639		278.2502	255.8887	165.9318	 55.5944	1
	2015	02	26	11	26	 -20.16	 124.28	0.372		305.3175	265.5179	194.8587	 90.6165	1
	2015	02	27	10	33	 -13.91	 131.80	0.538		284.3881	260.6774	167.1810	 67.2589	1
	2015	02	27	10	35	 -19.96	 137.39	0.725		288.5104	252.1785	169.6889	 70.5026	1
	2015	03	01	08	55	 -32.21	 152.16	0.631		269.0180	233.4722	188.4209	100.0479	1
	2015	03	01	10	24	 -15.47	 126.54	0.390		283.2235	263.3194	189.2606	 81.4560	1
	2015	03	03	10	15	 -19.67	 125.50	0.202		313.5502	272.4226	209.2302	 91.6472	1
	2015	03	03	10	15	 -23.97	 118.03	0.285		287.6839	267.5333	200.9209	 78.6508	1
	2015	03	06	07	38	 -17.58	 141.48	0.592		293.7444	257.0779	177.9088	 71.8933	1
	2015	03	06	07	41	 -20.17	 146.36	0.238		289.9154	267.5322	212.1848	114.7535	1
	2015	03	06	07	41	 -20.17	 147.20	0.361		290.2029	261.0269	204.1456	 93.3458	1
	2015	03	06	07	41	 -21.78	 148.39	0.476		284.3710	260.7597	189.2421	 72.6788	1
	2015	03	06	19	04	 -16.65	 139.12	0.211		284.6527	270.5642	206.0780	 84.1872	1
	2015	03	08	07	31	 -24.61	 146.51	0.318		291.5709	262.5041	194.5596	 88.9262	1
	2015	03	17	14	08	 -30.48	 149.16	0.303		289.2711	257.9627	215.6793	139.9696	0
	2015	03	22	12	57	 -26.25	 149.15	0.337		279.6960	263.2442	205.3598	 96.7896	1
	2015	03	23	15	14	 -17.40	 123.83	0.442		285.6469	259.9959	190.3670	 81.7277	1
	2015	04	01	12	04	 -25.79	 121.89	0.776		284.1316	223.5778	181.6359	110.4316	0
	2015	04	07	08	23	 -38.06	 149.70	0.422		271.2320	261.7260	207.0866	116.3923	1
	2015	04	25	17	02	 -33.07	 152.59	0.306		274.6597	263.3082	225.2052	145.1967	0
	2015	04	30	02	23	 -27.99	 145.60	0.290		282.4785	261.7969	220.7184	156.1594	0
	2015	08	22	15	26	 -35.61	 154.47	0.201		266.9458	269.1072	225.8045	123.3007	1
	2015	08	23	16	09	 -29.79	 150.31	0.212		276.2697	259.0710	225.4507	156.1814	0
	2015	08	24	15	15	 -33.98	 153.07	0.580		268.5721	259.1284	191.7376	 91.1358	1
	2015	09	07	10	57	 -33.89	 153.70	0.476		267.4018	256.4605	215.0003	119.5814	1
	2015	09	16	22	50	 -30.73	 152.93	0.242		275.1909	257.7794	210.7815	120.7424	1
	2015	09	21	21	38	 -33.81	 152.76	0.276		270.4315	261.8152	225.5381	139.1367	0
	2015	09	21	21	39	 -34.82	 153.89	0.202		269.9704	263.6116	232.8569	145.6060	1
	2015	10	22	11	55	 -30.07	 154.77	0.391		272.4935	260.4963	193.0700	 89.4032	1
	2015	10	27	10	42	 -24.05	 149.60	0.231		288.2644	264.0595	215.6585	 97.5543	1
	2015	10	31	10	24	 -31.91	 145.92	0.460		288.2793	253.5465	222.0381	150.7404	0
	2015	11	01	11	03	 -30.11	 124.14	0.245		296.1185	264.4366	223.8896	141.2568	0
	2015	11	02	10	08	 -17.57	 126.86	0.300		295.2713	263.9773	203.3270	101.1899	1
	2015	11	02	10	08	 -18.50	 126.81	0.211		303.4371	263.6429	209.2915	113.3849	1
	2015	11	02	10	10	 -21.27	 134.05	0.211		308.4428	270.8349	213.7066	118.3909	0
	2015	11	02	10	11	 -22.75	 135.01	0.686		292.2148	243.3051	189.6129	 89.8317	1
	2015	11	04	08	29	 -28.11	 152.69	0.225		283.7809	268.6671	212.5870	113.2825	1
	2015	11	04	09	58	 -15.82	 125.71	0.200		291.8684	268.3978	217.5252	112.7662	1
	2015	11	05	09	06	 -16.35	 130.18	0.282		298.3035	262.9202	204.9170	122.8130	1
	2015	11	07	07	23	 -20.83	 148.12	0.508		276.2720	249.5457	196.3004	 97.3460	1
	2015	11	07	07	25	 -25.79	 151.09	0.248		278.0191	255.0503	215.8748	130.3378	0
	2015	11	07	17	11	 -27.39	 154.19	0.250		272.8380	265.6162	206.4865	112.1106	1
	2015	11	09	07	13	 -19.97	 147.17	0.271		284.0716	266.1386	217.7601	119.5879	0
	2015	11	09	08	46	 -19.96	 127.20	0.515		315.8233	258.2567	192.8187	 93.4935	1
	2015	11	09	08	46	 -20.96	 127.52	0.335		320.9770	263.8682	208.3606	114.1351	1
	2015	11	09	08	47	 -23.08	 127.19	0.293		287.6015	265.4878	206.4695	108.3522	0
	2015	11	10	07	53	 -17.47	 127.65	0.205		297.7461	269.2918	205.6040	 93.0434	1
	2015	11	11	06	59	 -12.86	 132.28	0.332		291.2464	264.3354	195.2432	 72.5279	1
	2015	11	11	07	00	 -14.59	 133.38	0.233		284.8022	263.6340	209.2600	105.2551	1
	2015	11	13	06	48	 -14.67	 126.89	0.461		293.8084	257.5897	195.6955	 80.1125	1
	2015	11	14	06	02	 -28.83	 151.65	0.259		283.5630	265.2979	203.4871	106.1933	1
	2015	11	14	17	22	 -18.30	 129.26	0.289		295.8844	261.8793	216.8061	114.4844	1
	2015	11	15	05	08	 -21.80	 149.01	0.222		288.5925	265.7742	214.9826	102.1587	1
	2015	11	16	05	46	 -11.44	 130.53	0.361		284.9600	262.4973	194.8055	 78.7725	1
	2015	11	16	05	46	 -12.38	 131.89	0.250		302.7022	264.9006	208.1111	106.9466	1
	2015	11	17	06	28	 -17.13	 122.76	0.393		312.2642	259.1174	192.1519	 95.3098	1
	2015	11	25	04	09	 -16.90	 124.18	0.681		297.7344	254.7103	173.6130	 81.0558	1
	2015	11	25	04	10	 -18.94	 124.54	0.349		309.6908	260.9206	200.4892	 92.6925	1
	2015	11	26	11	31	 -31.59	 154.76	0.645		264.0783	234.4493	185.0812	100.7608	1
	2015	11	30	12	42	 -18.94	 131.10	0.212		296.8911	262.9179	222.6070	141.9088	0
	2015	12	01	11	50	 -20.56	 134.46	0.225		288.2570	261.2610	219.0361	116.7108	1
	2015	12	02	12	28	 -25.13	 121.73	0.329		291.0232	257.0629	206.9327	140.7770	0
	2015	12	05	01	42	 -33.11	 123.31	0.264		277.3071	263.3575	211.9777	107.7561	1
	2015	12	06	10	36	 -26.06	 128.95	0.214		299.8445	267.2716	208.5451	106.2354	1
	2015	12	08	08	50	 -38.30	 147.49	0.234		274.6935	261.1607	220.3821	152.1397	0
	2015	12	10	22	08	 -39.63	 151.82	0.486		268.7495	256.1082	212.7383	121.9004	1
	2015	12	11	07	51	 -28.66	 152.97	0.271		278.3569	263.0959	214.6784	124.9197	1
	2015	12	15	20	56	 -34.81	 151.10	0.362		277.4103	264.3564	202.9253	 94.3124	1
	2015	12	15	20	56	 -35.73	 150.50	0.309		274.8341	260.7643	219.3621	153.1132	0
	2015	12	16	06	39	 -30.19	 150.45	0.246		282.4037	260.4684	216.5015	142.1145	0
	2015	12	18	08	05	 -14.04	 127.36	0.269		299.1493	268.9767	195.1403	 63.8004	1
	2015	12	19	07	09	 -29.41	 127.26	0.408		325.3792	260.6588	201.8532	112.3680	1
	2015	12	20	06	18	 -30.25	 138.56	0.533		291.1990	259.2531	185.1842	 87.0924	1
	2016	01	13	12	47	 -21.32	 135.73	0.258		305.9724	265.9720	211.0637	 93.8077	1
	2016	01	17	12	23	 -23.59	 121.65	0.269		301.1142	266.8672	212.6976	 91.0716	1
	2016	01	19	12	13	 -27.23	 126.80	0.894		281.4698	237.8441	164.8660	 67.7195	1
	2016	01	19	12	13	 -27.97	 122.42	0.429		295.5331	257.0604	210.4326	110.4952	1
	2016	01	19	12	14	 -28.55	 127.71	0.576		281.1680	258.8775	170.4041	 76.6271	1
	2016	01	19	12	14	 -28.88	 123.05	0.879		288.8759	237.1348	178.9464	 98.0580	1
	2016	01	20	11	20	 -25.38	 127.73	0.715		293.7955	248.5225	181.1508	 65.5405	1
	2016	01	20	21	04	 -35.54	 129.93	0.301		273.7601	261.5678	212.4601	121.1416	1
	2016	01	20	21	04	 -34.98	 129.74	0.314		270.7911	260.5160	209.6884	128.7814	1
	2016	01	21	10	30	 -29.79	 142.62	0.333		302.0996	267.5861	198.3265	 67.0607	1
	2016	01	22	11	07	 -18.62	 123.82	0.338		299.9791	267.2366	191.0238	 75.8817	1
	2016	01	24	09	22	 -18.10	 138.03	0.207		297.4942	269.0284	222.0694	 89.8323	1
	2016	01	24	09	22	 -19.11	 142.97	0.747		278.2444	251.9546	159.4080	 63.0916	1
	2016	01	24	20	46	 -16.51	 131.25	0.296		287.5684	266.9941	201.5012	 74.9816	1
	2016	01	25	08	29	 -22.29	 145.72	0.289		291.2397	264.5156	203.9893	 82.3044	1
	2016	01	27	08	14	 -12.39	 135.24	0.269		291.3275	269.8075	199.0554	 65.0660	1
	2016	01	27	08	18	 -20.85	 144.28	0.235		306.2497	270.6818	211.4860	 78.4932	1
	2016	01	27	08	20	 -26.82	 147.06	0.274		292.9920	265.9576	192.8048	 68.2070	1
	2016	01	27	08	20	 -27.10	 147.96	0.218		286.5643	270.3773	217.0275	 91.2662	1
	2016	01	27	19	41	 -17.05	 133.10	0.219		287.5438	270.9481	204.3961	 62.9870	1
	2016	01	28	17	09	 -41.65	 148.14	0.208		278.4261	269.5261	221.6664	113.4995	1
	2016	01	29	08	10	 -34.24	 150.12	0.394		274.6720	252.7560	210.2002	129.6406	1
	2016	01	30	07	14	 -23.34	 148.87	0.309		289.2115	267.0303	202.2843	 72.6741	1
	2016	01	30	07	15	 -25.55	 152.34	0.647		281.7536	256.8179	163.5203	 70.2224	1
	2016	01	30	16	58	 -36.92	 151.47	0.555		272.0121	256.1473	182.7014	 72.0806	1
	2016	02	02	06	10	 -25.09	 152.11	0.344		283.4284	263.8448	201.7093	 93.2471	1
	2016	02	15	14	02	 -13.58	 131.76	0.207		289.6367	264.8619	204.4819	 90.3275	1
	2016	02	22	02	51	 -38.30	 124.00	0.268		274.7331	265.6710	212.3201	 98.9346	1
	2016	02	27	11	20	 -21.87	 117.73	0.210		308.0819	267.4168	204.6344	 86.1240	1
	2016	03	02	09	27	 -13.94	 131.85	0.214		294.6794	267.9515	213.1622	 94.0014	1
	2016	03	02	09	27	 -14.42	 130.29	0.881		276.5803	243.1690	142.3210	 56.0180	1
	2016	03	03	21	50	 -17.15	 140.58	0.336		281.0154	267.1983	196.5784	 77.9414	1
	2016	03	04	09	13	 -19.30	 122.32	0.503		316.2203	259.7449	192.2979	 72.9089	1
	2016	03	04	09	14	 -15.23	 126.59	0.258		284.6859	267.0175	207.2939	 84.8079	1
	2016	03	04	09	14	 -14.85	 126.20	0.306		286.2394	263.2925	205.7934	 82.6252	1
	2016	03	06	07	26	 -30.12	 133.77	0.229		308.6333	271.5113	205.1018	 88.8426	1
	2016	03	06	09	02	 -17.67	 123.18	0.289		311.9149	270.1193	199.7633	 65.8153	1
	2016	03	06	09	02	 -16.45	 124.20	0.259		301.4911	270.1302	201.9433	 88.0829	1
	2016	03	07	08	09	 -19.71	 125.07	0.264		309.8353	266.5869	207.3473	102.7426	1
	2016	03	08	07	14	 -28.15	 131.27	0.556		297.7052	258.1629	189.3546	 87.6441	1
	2016	03	12	20	15	 -30.31	 126.99	0.244		309.1848	264.4355	208.8738	117.8835	1
	2016	03	13	06	00	 -28.37	 130.14	0.213		320.5248	271.5908	213.7891	 91.5424	1
	2016	03	13	06	01	 -27.79	 133.79	0.216		306.7904	270.8737	214.8989	101.2316	1
	2016	03	14	03	34	 -35.89	 153.14	0.239		277.2314	267.7515	215.5367	 92.7461	1
	2016	03	20	17	58	 -22.66	 127.84	0.740		288.3837	252.6485	163.7697	 71.8916	1
	2016	03	21	03	45	 -26.26	 127.01	0.340		303.0476	266.0398	195.7827	 79.3770	1
	2016	06	23	21	50	 -40.05	 154.14	0.434		265.6944	261.4014	212.8716	104.9560	1
	2016	09	28	09	18	 -29.55	 139.65	0.297		280.3174	264.2572	216.2139	130.7610	0
	2016	09	28	09	18	 -30.01	 139.78	0.582		277.4859	244.2296	189.5207	102.5996	1
	2016	09	28	09	18	 -30.99	 140.23	0.427		289.5844	259.1248	204.7903	108.9351	0
	2016	09	28	09	18	 -32.83	 140.45	0.291		286.5483	259.7740	210.2662	127.9430	0
	2016	09	28	09	19	 -33.80	 140.70	0.331		277.8575	265.0605	212.2647	119.4997	0
	2016	09	29	08	28	 -34.19	 153.41	0.632		271.4650	256.7953	191.3382	 96.2915	1
	2016	09	29	08	28	 -35.29	 153.83	0.363		268.1313	264.0495	208.0861	106.0108	1
	2016	10	03	06	26	  -9.13	 147.14	0.234		283.1082	269.2495	194.0774	 73.7116	1
	2016	10	31	10	53	 -13.80	 131.50	0.525		293.1711	261.6596	184.8887	 73.6330	1
	2016	11	08	07	02	 -25.67	 142.68	0.206		307.4129	262.9145	222.6287	162.5252	0
	2016	11	08	07	02	 -25.31	 142.34	0.224		314.0717	258.8629	217.9805	147.7233	0
	2016	11	08	07	02	 -26.68	 147.27	0.376		292.5479	258.6616	214.8603	118.4127	1
	2016	11	09	06	09	 -31.81	 152.24	0.249		278.0335	268.0421	211.6789	113.1862	1
	2016	11	09	06	09	 -30.74	 153.12	0.663		277.6304	255.2881	185.1156	102.2818	1
	2016	11	09	07	46	 -15.01	 130.68	0.355		310.4403	262.1223	193.0683	 86.1418	1
	2016	11	09	07	46	 -13.71	 131.14	0.388		294.3969	264.2699	189.7686	 81.8688	1
	2016	11	10	06	51	 -27.55	 136.81	0.725		301.1669	252.7099	177.6971	 66.3852	1
	2016	11	10	06	51	 -27.07	 136.88	0.641		316.0351	252.2554	190.4654	110.0026	1
	2016	11	10	06	51	 -26.27	 136.55	0.206		316.5116	266.6823	223.2610	122.9569	0
	2016	11	11	05	57	 -35.81	 139.29	0.337		267.8730	251.4099	215.7018	140.0315	0
	2016	11	11	05	57	 -34.77	 138.24	0.489		265.0358	251.7064	199.9897	119.6153	0
	2016	11	11	05	58	 -31.72	 140.09	0.215		324.5107	262.5494	222.9148	140.8524	0
	2016	11	12	05	08	 -27.53	 153.13	0.300		278.5982	265.0771	204.8348	 82.7399	1
	2016	11	12	05	08	 -27.26	 152.79	0.200		283.2683	269.6204	214.5189	 97.8188	1
	2016	11	12	05	08	 -25.59	 152.58	0.392		287.7662	260.6623	188.6552	 88.1080	1
	2016	11	12	05	09	 -24.66	 151.83	0.732		283.0185	239.6337	184.3654	 81.2025	1
	2016	11	12	06	44	 -17.80	 139.44	0.948		282.5831	224.1508	139.1967	 56.4088	1
	2016	11	13	05	52	 -15.39	 142.37	0.305		300.8801	263.2341	200.0250	 87.4432	1
	2016	11	14	06	33	 -14.14	 130.30	0.332		295.6951	264.9581	191.1479	 76.5217	1
	2016	11	28	23	43	 -36.28	 154.77	0.471		274.6264	261.3600	197.5509	 89.1171	1
	2016	11	29	14	37	 -16.17	 135.31	0.213		296.7740	263.7054	202.6266	 90.4650	1
	2016	12	01	14	26	 -14.57	 129.15	0.829		276.7159	240.4550	160.1279	 68.5850	1
	2016	12	05	12	38	 -28.42	 153.91	0.347		266.9510	259.0857	201.6937	107.0363	1
	2016	12	05	12	39	 -29.84	 153.03	0.520		274.6568	250.6194	191.3539	 85.3826	1
	2016	12	06	11	47	 -28.35	 153.28	0.528		281.2608	255.9430	187.7381	 91.2745	1
	2016	12	08	11	37	 -25.49	 151.06	0.363		284.8852	262.6751	205.0915	 94.7078	1
	2016	12	08	11	39	 -35.03	 152.24	0.412		269.7272	252.7582	200.7730	102.3014	1
	2016	12	08	11	39	 -36.21	 152.34	0.407		270.1731	259.6465	194.7041	 90.2971	1
	2016	12	11	21	58	 -16.94	 139.58	0.498		278.2675	258.9143	180.3657	 73.4179	1
	2016	12	15	10	15	 -21.66	 140.52	0.285		291.8345	266.4442	213.9702	 91.7715	1
	2016	12	16	20	46	 -15.92	 129.95	0.201		294.0194	272.1360	219.2944	 80.1808	1
	2016	12	17	18	18	 -32.66	 154.55	0.232		274.8746	265.5034	210.0666	108.2614	1
	2016	12	20	17	16	 -35.88	 154.63	0.299		275.9781	263.3509	201.7700	 75.2551	1
	2016	12	22	20	17	 -14.81	 113.67	0.282		274.7975	265.9627	206.5542	 83.1051	1
	2016	12	24	07	14	 -30.01	 151.68	0.205		280.4755	262.8254	223.4005	140.4324	1
	2016	12	24	08	42	 -15.69	 119.24	0.652		276.5843	256.4480	148.4190	 58.4934	1
	2016	12	25	19	15	 -16.82	 122.38	0.218		277.6167	269.3210	204.8930	 72.4469	1
	2016	12	26	08	33	 -21.28	 118.39	0.282		317.1275	264.7571	202.7302	 83.8542	1
	2016	12	28	06	53	 -29.50	 138.96	0.284		298.1554	264.8399	192.0388	 85.7723	1
	2017	01	03	16	11	 -15.02	 125.25	0.500		277.4721	261.5621	172.6391	 62.2731	1
	2017	01	12	11	27	 -29.40	 151.91	0.616		276.0847	251.8821	174.8387	 84.2062	1
	2017	01	13	12	11	 -17.49	 144.19	0.643		282.1048	257.6641	146.7886	 57.0916	1
	2017	01	14	11	17	 -26.28	 148.79	0.308		287.4118	265.9267	203.6971	 85.4987	1
	2017	01	25	07	59	 -29.81	 149.30	0.366		284.9102	262.8773	204.6224	 96.2651	1
	2017	01	29	06	03	 -31.93	 150.89	0.271		283.5630	260.4753	208.1577	120.4473	1
	2017	01	29	07	39	 -19.76	 138.50	0.225		292.7904	269.5211	211.1931	 88.5071	1
	2017	01	29	07	40	 -20.54	 139.90	0.240		296.1945	268.2002	210.1870	 93.5252	1
	2017	01	29	07	40	 -19.16	 139.43	0.303		288.0302	266.8480	195.2226	 88.9253	1
	2017	01	29	20	56	 -13.77	 129.54	0.205		283.5247	271.2594	207.4342	 77.4699	1
	2017	01	30	08	19	 -28.46	 123.94	0.206		322.2953	269.0536	208.3457	 74.2535	1
	2017	01	30	08	22	 -17.25	 124.81	0.227		300.3944	271.3038	200.0535	 67.0353	1
	2017	01	30	08	22	 -17.77	 128.21	0.682		282.4636	250.7424	183.3299	 65.7498	1
	2017	01	30	08	23	 -16.86	 129.23	0.271		282.6407	270.0746	199.2305	 71.8826	1
	2017	01	31	07	31	 -14.52	 129.93	0.293		294.9224	268.4397	196.3652	 57.2288	1
	2017	01	31	20	47	 -17.63	 124.75	0.248		279.4753	270.3624	200.5815	 70.8969	1
	2017	02	01	08	10	 -23.42	 113.96	0.481		293.4903	263.2352	184.0151	 66.8707	1
	2017	02	01	08	12	 -20.51	 119.85	0.466		290.7866	262.0755	185.2375	 72.5507	1
	2017	02	04	05	33	 -35.83	 128.92	0.214		276.0082	263.9294	210.4079	118.9326	1
	2017	02	13	17	26	 -19.12	 127.13	0.265		291.6317	268.4591	206.9779	 81.7959	1
	2017	02	18	14	48	 -35.62	 153.86	0.233		275.4198	264.8095	212.7334	115.4967	1
	2017	02	22	12	47	  -9.24	 149.53	0.206		278.7989	269.5993	216.8364	 86.7534	1
	2017	03	05	11	05	 -12.94	 128.82	0.273		281.7535	269.0273	194.2119	 61.1189	1
	2017	03	11	09	00	 -12.77	 131.55	0.210		286.7000	270.8260	212.6407	 82.0950	1
	2017	03	15	07	09	 -23.75	 147.76	0.402		285.8161	255.6522	194.3686	 97.1488	1
	2017	03	15	07	09	 -24.33	 148.41	0.261		282.8648	260.7852	207.2672	109.6568	1
	2017	03	15	07	09	 -25.37	 148.17	0.223		286.0007	265.0375	205.9485	113.0606	1
	2017	03	15	07	10	 -28.11	 148.19	0.349		289.6889	257.8389	207.2755	121.8216	0
	2017	03	15	08	39	 -14.22	 127.02	0.308		294.8538	268.2924	198.3214	 66.2752	1
	2017	03	19	06	49	 -20.40	 139.59	0.427		287.9477	259.7570	197.2368	100.9390	1
	2017	03	19	06	49	 -21.25	 140.74	0.628		288.3538	252.0907	192.6921	 98.6606	1
	2017	03	22	05	52	 -32.94	 146.78	0.256		304.0342	261.0581	210.5231	113.3385	1
	2017	04	09	09	23	 -40.66	 151.38	0.274		273.9576	266.7988	211.2668	121.7076	1
	2017	04	09	09	23	 -37.89	 151.90	0.246		269.1395	265.7401	222.1817	134.3943	0
	2017	05	19	11	44	 -17.21	 154.44	0.224		275.4843	269.7385	211.9353	 79.3969	1
	2017	05	19	11	44	 -18.19	 154.72	0.256		276.7845	263.8214	206.6196	 98.4169	1
	2017	05	23	11	30	 -42.22	 151.05	0.284		273.2585	264.5786	220.5589	121.4088	1
	2017	06	21	05	00	 -37.20	 116.12	0.359		270.7152	259.1908	210.9424	112.3914	1
	2017	06	21	14	40	 -36.40	 117.28	0.630		269.5043	254.0889	204.0889	122.8898	1
	2017	06	21	14	41	 -35.93	 117.51	0.348		273.6638	260.0334	211.7426	137.4566	0
	2017	07	02	01	48	 -36.97	 128.11	0.241		271.8956	267.2249	230.9100	137.7014	1
	2017	08	23	17	54	 -34.42	 153.33	0.487		267.8324	261.2299	206.9126	117.2043	1
	2017	09	07	06	06	 -23.04	 115.15	0.329		300.4529	257.9825	205.4692	118.2360	1
	2017	09	16	01	32	 -38.00	 154.56	0.219		270.6291	266.7550	230.0429	129.0958	1
	2017	09	22	09	13	 -26.47	 153.00	0.221		278.1318	263.5211	219.5524	114.0731	1
	2017	10	02	08	28	 -15.19	 127.31	0.218		299.3347	269.0081	201.5827	102.4918	1
	2017	10	10	06	13	 -27.50	 125.81	0.326		310.4404	258.5043	218.8232	123.6885	1
	2017	10	10	06	13	 -26.61	 126.02	0.502		300.8216	256.3198	200.0954	115.7217	1
	2017	10	10	06	13	 -25.49	 125.80	0.694		289.3606	244.1879	202.6611	108.3245	0
	2017	10	10	06	14	 -23.60	 126.64	0.344		305.2043	264.0162	215.6889	137.2463	0
	2017	10	13	03	39	 -25.00	 148.95	0.442		286.8996	256.4832	204.1645	134.3563	0
	2017	10	13	03	39	 -24.08	 146.45	0.377		283.9519	261.5231	206.9428	120.2345	0
	2017	10	13	03	40	 -26.11	 152.90	0.299		280.4864	267.7123	201.1087	 88.5754	1
	2017	10	14	02	46	 -29.49	 150.58	0.212		283.8579	267.1750	219.5005	116.9543	1
	2017	10	15	03	30	 -19.82	 144.23	0.365		292.0937	260.9044	189.3798	 92.6334	1
	2017	10	15	03	31	 -18.98	 141.79	0.334		293.2271	264.9173	204.9084	 99.8151	1
	2017	10	24	23	32	 -36.06	 153.55	0.867		269.3169	246.4957	176.6950	 85.1588	1
	2017	10	26	13	40	 -34.93	 152.53	0.254		272.3466	268.2473	219.0629	135.0225	0
	2017	10	29	12	37	 -29.17	 154.29	0.420		276.2443	258.5990	195.1643	 93.9461	1
	2017	11	06	10	22	 -28.81	 153.60	0.353		258.1608	264.5429	203.9412	 88.6340	1
	2017	11	06	11	52	 -21.09	 120.10	0.836		266.1555	215.8396	167.5268	 84.9834	1
	2017	11	07	09	29	 -24.58	 154.73	0.598		271.7335	239.2253	180.6612	 99.0079	1
	2017	11	10	09	58	 -17.15	 134.85	0.215		300.6284	267.4243	215.9020	108.9478	1
	2017	11	11	09	07	 -18.07	 137.24	0.254		294.2752	262.4134	210.4474	118.5688	1
	2017	11	15	08	50	 -25.13	 130.89	0.287		281.8657	249.8531	216.2811	144.9832	0
	2017	11	17	07	08	 -28.75	 148.78	0.254		296.5046	264.3375	209.9709	125.7597	1
	2017	11	21	06	45	 -17.29	 133.49	0.585		288.8685	256.7340	184.7804	 82.5768	1
	2017	11	22	05	54	 -19.22	 139.42	0.626		280.4373	241.3706	192.0475	100.0715	1
	2017	11	22	05	54	 -19.91	 139.83	0.276		303.5063	264.5703	219.1621	116.9916	1
	2017	11	22	05	54	 -20.80	 140.67	0.255		300.1779	264.8964	220.2553	124.1888	0
	2017	11	23	06	36	 -21.71	 132.64	0.282		301.6227	259.4213	205.8855	112.8944	1
	2017	11	23	06	41	 -37.24	 141.27	0.231		280.2956	265.9792	224.5501	122.2216	1
	2017	11	28	05	27	 -27.44	 129.22	0.233		308.9221	261.4657	223.5245	147.1604	0
	2017	11	28	05	27	 -28.33	 129.28	0.298		299.5229	260.0213	198.8667	119.0435	0
	2017	11	30	13	33	 -17.86	 154.74	0.232		279.2672	268.4693	204.9957	 88.1022	1
	2017	12	05	13	51	 -18.80	 125.21	0.366		299.8328	261.2460	194.7694	 79.7078	1
	2017	12	11	11	44	 -27.05	 122.42	0.947		273.6486	200.7103	138.3568	 77.5408	1
	2017	12	12	10	56	 -16.96	 139.36	0.232		290.1678	268.0081	213.7357	121.6724	1
	2017	12	15	00	00	 -13.88	 125.61	0.228		274.6567	267.9238	214.7460	 87.6242	1
	2017	12	17	08	05	 -32.28	 150.33	0.312		284.0460	263.3990	219.9371	148.4409	0
	2017	12	17	08	05	 -31.93	 150.17	0.635		292.7010	254.7221	201.5012	115.2681	1
	2017	12	17	08	06	 -27.98	 150.62	0.410		276.0500	253.4850	205.8360	137.7933	0
	2017	12	18	08	46	 -30.85	 134.18	0.228		292.1088	259.5066	226.7433	154.9279	0
	2017	12	19	07	53	 -37.42	 145.12	0.224		279.0144	259.1480	215.4131	131.3716	1
	2017	12	19	07	53	 -36.79	 144.55	0.499		284.0203	254.8629	194.4512	100.3207	1
	2017	12	19	07	54	 -33.11	 141.79	0.282		319.0780	263.1049	208.6663	110.5107	1
	2017	12	23	07	36	 -18.78	 140.72	0.254		304.3863	270.3147	202.1754	100.0354	1
	2017	12	24	08	17	 -18.78	 121.98	0.226		297.6525	270.3574	213.7874	 97.7998	1
	2017	12	25	05	49	 -29.52	 151.23	0.208		276.5446	262.2748	220.4447	143.3973	0
	2017	12	25	05	49	 -29.01	 151.66	0.484		279.6198	255.8470	195.6544	109.5281	1
	2017	12	25	05	49	 -28.73	 152.71	0.969		265.2790	212.7062	138.4839	 72.0679	1
	2017	12	25	05	50	 -27.35	 149.73	0.508		289.0252	259.5419	194.7178	 92.6607	1
	2017	12	27	05	39	 -24.98	 148.15	0.381		283.2683	250.4965	206.0831	 93.5633	1
	2017	12	31	18	46	 -36.70	 151.54	0.364		274.4440	263.1004	195.7194	 90.2678	1
	2018	01	01	04	30	 -25.93	 149.87	0.353		286.0392	265.5500	195.8443	 79.9116	1
	2018	01	01	06	06	 -12.80	 131.37	0.212		291.3613	269.2707	210.1095	 86.2079	1
	2018	01	02	03	35	 -37.13	 149.61	0.203		274.9119	259.9244	228.7842	133.3097	1
	2018	01	02	03	36	 -30.92	 152.71	0.552		280.0339	255.9846	195.5637	 88.6777	1
	2018	01	02	05	13	 -16.55	 135.08	0.618		301.4849	250.4175	186.7280	 99.0423	1
	2018	01	02	05	13	 -17.31	 136.59	0.273		309.0994	261.7775	212.2859	106.9958	1
	2018	01	03	05	54	 -19.57	 121.52	0.206		315.4661	269.9412	216.1580	 78.7798	1
	2018	01	03	05	54	 -18.81	 122.44	0.232		301.4597	268.9767	210.0600	 81.8296	1
	2018	01	03	05	56	 -15.71	 124.61	0.216		285.3171	268.0904	212.1278	 79.0714	1
	2018	01	04	05	05	 -13.06	 132.56	0.202		281.1516	270.1262	216.3050	 90.9819	1
	2018	01	07	17	19	 -15.88	 124.28	0.233		285.7777	271.2437	201.8359	 83.7755	1
	2018	01	09	03	55	 -16.67	 121.90	0.209		285.0429	271.8207	200.9888	 63.2088	1
	2018	01	14	14	28	 -16.59	 139.85	0.216		280.4100	269.1345	209.1374	 66.6715	1
	2018	01	15	13	38	 -19.40	 147.61	0.224		279.9250	269.1526	212.4194	 84.8041	1
	2018	01	16	14	18	 -13.53	 133.80	0.223		282.6536	269.9701	213.2400	 92.3397	1
	2018	01	20	14	00	 -21.92	 117.67	0.767		299.1679	243.4677	164.0709	 76.1725	1
	2018	01	20	14	00	 -19.91	 122.46	0.216		302.1938	270.3365	202.4019	 85.1235	1
	2018	01	25	12	52	 -28.97	 119.92	0.514		298.1801	256.3965	190.1884	 98.4062	1
	2018	01	26	11	58	 -19.57	 123.07	0.213		309.0141	263.1139	204.7287	 79.8924	1
	2018	02	03	08	13	 -21.92	 144.38	0.307		293.0479	267.3861	200.4236	 70.3871	1
	2018	02	04	08	52	 -12.60	 131.26	0.378		285.1510	265.8340	184.8905	 66.1553	1
	2018	02	07	09	29	 -30.14	 120.81	0.304		295.3647	267.9372	199.2355	 89.4131	1
	2018	02	11	06	03	 -27.21	 152.24	0.215		290.9759	258.1160	210.0864	139.8100	0
	2018	02	11	07	34	 -21.89	 127.36	0.224		308.4626	268.0976	220.0422	127.7191	0
	2018	02	14	05	04	 -41.05	 153.88	0.239		271.9868	264.3311	215.8811	107.1177	1
	2018	02	15	17	04	 -16.20	 120.78	0.227		282.1571	269.4608	208.0611	 77.5426	1
	2018	02	16	04	50	 -23.98	 147.07	0.222		298.2295	268.8145	212.5627	119.2048	0
	2018	02	20	14	18	 -18.21	 140.07	0.327		298.7788	268.8480	181.9678	 54.4871	1
	2018	02	20	14	18	 -18.84	 141.99	0.699		282.7880	255.3466	148.8989	 65.9590	1
	2018	02	21	13	26	 -17.06	 146.20	0.269		274.4947	265.7628	202.7303	 77.6088	1
	2018	02	21	13	26	 -17.80	 148.12	0.360		280.2084	262.5970	188.7108	 75.2686	1
	2018	02	22	14	06	 -15.64	 138.52	0.219		279.4307	268.3968	212.8033	 87.6934	1
	2018	02	25	03	11	 -14.27	 126.38	0.223		288.9581	270.1570	205.0282	 86.4356	1
	2018	02	25	13	03	 -17.92	 134.88	0.521		286.1548	254.7784	177.1819	 75.4743	1
	2018	02	25	13	03	 -17.07	 136.28	0.404		288.2197	262.0505	188.4377	 62.3871	1
	2018	02	25	13	03	 -17.32	 135.34	0.278		288.6224	265.7164	201.1939	 83.1843	1
	2018	02	25	13	03	 -18.26	 140.20	0.311		286.3703	267.2599	202.1961	 81.7659	1
	2018	02	26	03	57	 -30.99	 119.92	0.437		291.7196	254.1131	193.7082	110.0118	1
	2018	03	01	12	40	 -20.33	 123.86	0.246		300.7220	269.9890	209.0678	 89.2716	1
	2018	03	06	11	27	 -21.21	 117.16	0.604		298.3282	257.5151	173.6012	 73.6116	1
	2018	03	16	20	49	 -11.95	 128.81	0.223		277.1695	269.9471	205.1548	 75.1434	1
	2018	03	18	20	39	 -14.04	 122.75	0.457		274.6416	262.2509	182.0690	 59.2370	1
	2018	03	19	06	33	 -14.93	 141.52	0.229		284.3026	272.1471	201.7319	 64.0297	1
	2018	03	23	06	13	 -14.83	 128.43	0.310		292.6841	263.6507	189.0641	 62.6070	1
	2018	03	23	06	14	 -14.05	 126.51	0.255		294.5175	267.3279	199.1329	 67.6243	1
	2018	03	31	17	18	 -18.95	 121.78	0.271		282.3513	268.8977	196.3533	 82.7144	1
	2018	04	07	12	52	 -16.99	 153.49	0.457		280.3937	262.6185	171.5263	 57.6589	1
	2018	04	14	11	35	 -31.98	 154.20	0.589		274.2667	245.8963	188.5524	 96.2452	1
	2018	05	10	04	40	 -41.84	 153.97	0.240		269.2763	264.4039	216.6929	126.8072	1
	2018	07	22	18	16	 -36.41	 127.61	0.228		269.4030	261.9124	229.2277	142.4174	1
	2018	08	11	10	18	 -37.37	 153.40	0.406		270.7253	256.7453	213.0096	119.8689	1
	2018	08	28	08	09	 -35.38	 119.07	0.471		270.2035	259.1993	209.5331	119.1104	1
	2018	10	10	07	54	 -32.94	 147.47	0.235		288.8834	260.4742	223.2269	160.2988	0
	2018	10	10	09	24	 -25.35	 123.74	0.225		285.6080	256.9829	224.3374	171.5766	0
	2018	10	11	07	00	 -25.46	 150.23	0.694		278.0335	239.5415	183.0437	103.5796	1
	2018	10	11	07	00	 -25.75	 151.05	0.577		273.8310	239.8050	197.3999	113.1606	1
	2018	10	13	06	48	 -18.77	 146.06	0.289		280.8626	261.4622	210.9801	127.2020	1
	2018	10	15	06	39	 -19.12	 139.50	0.242		290.3853	268.7352	221.3128	121.1341	0
	2018	10	18	05	39	 -27.35	 147.66	0.263		301.5036	260.5904	208.7377	110.8516	1
	2018	10	20	05	26	 -15.65	 128.93	0.201		303.7324	266.5612	215.0195	 95.0995	1
	2018	10	21	04	37	 -24.91	 148.54	0.277		292.9472	263.8192	218.7317	122.2917	1
	2018	10	23	12	37	 -43.37	 154.47	0.203		271.2320	264.4534	224.6995	113.8366	1
	2018	10	25	04	15	 -17.39	 128.95	0.448		296.1594	260.7771	193.8428	 92.3505	1
	2018	11	02	11	51	 -18.50	 137.35	0.428		302.2878	259.9256	196.2918	 80.4744	1
	2018	11	03	12	29	 -27.37	 120.63	0.388		288.8237	254.9058	205.6859	134.8745	0
	2018	11	03	12	33	 -15.08	 127.76	0.223		297.6115	268.2382	222.1739	 88.4808	1
	2018	11	05	10	45	 -30.01	 136.68	0.264		295.1840	266.4099	205.1564	 99.0670	1
	2018	11	06	09	52	 -33.50	 143.86	0.297		305.9472	265.7546	202.9943	110.8844	0
	2018	11	11	10	14	 -27.80	 123.78	0.392		285.5000	256.0767	212.5318	129.8004	0
	2018	11	11	10	14	 -28.18	 124.12	0.231		289.2040	255.2348	218.2133	137.2215	0
	2018	11	12	09	22	 -28.73	 130.05	0.226		302.4071	262.0049	220.3931	114.2609	1
	2018	11	12	09	22	 -28.57	 129.72	0.263		300.3008	263.5390	222.3983	120.4314	1
	2018	11	14	09	14	 -15.65	 127.64	0.633		285.8931	255.0462	189.5911	 97.9852	1
	2018	11	14	09	14	 -15.24	 124.87	0.313		292.1089	264.8619	206.2142	107.7062	1
	2018	11	14	09	14	 -16.05	 129.97	0.282		302.0494	267.6771	211.5351	 86.3435	1
	2018	11	14	09	15	 -13.30	 131.27	0.241		297.6232	267.7928	207.7846	 86.4885	1
	2018	11	17	06	38	 -27.01	 152.25	0.334		274.5302	258.5891	209.1540	142.6978	0
	2018	11	17	06	38	 -26.69	 152.84	0.492		270.1883	250.7424	206.0865	122.6525	0
	2018	11	17	08	13	 -16.02	 125.54	0.314		292.2981	261.0362	201.7527	117.5343	1
	2018	11	19	08	03	 -17.31	 124.67	0.213		310.0327	269.7055	220.3868	106.8133	1
	2018	11	19	08	04	 -15.54	 126.08	0.205		307.1770	269.3875	220.6355	120.5987	1
	2018	11	20	05	34	 -32.58	 147.08	0.278		298.6985	253.6893	219.8430	145.7497	0
	2018	11	20	05	34	 -31.96	 146.10	0.446		297.3947	263.1521	199.1059	104.8898	1
	2018	11	20	05	35	 -31.91	 147.35	0.634		309.2506	254.7505	210.6844	137.5495	0
	2018	11	20	05	35	 -30.45	 146.64	0.442		291.8549	261.0892	201.1678	108.8972	0
	2018	11	21	06	20	 -20.99	 142.15	0.458		298.0450	260.1484	184.9472	 80.4670	1
	2018	11	24	05	21	 -11.81	 142.46	0.435		285.3006	262.5891	184.5101	 69.6360	1
	2018	11	27	04	18	 -18.68	 141.25	0.460		299.1988	261.3968	188.4749	 63.1652	1
	2018	11	27	04	18	 -18.05	 140.68	0.314		298.0274	267.9309	202.8597	 75.6125	1
	2018	11	28	03	25	 -25.88	 153.24	0.651		274.5221	249.3546	186.5627	 95.1234	1
	2018	11	28	03	25	 -27.43	 153.79	0.700		272.5239	243.5093	180.8298	 82.9742	1
	2018	11	28	05	01	 -11.91	 133.36	0.292		296.6100	266.2625	197.2012	 68.6307	1
	2018	12	01	03	55	 -28.26	 129.61	0.397		302.0933	258.7599	212.1310	109.3314	1
	2018	12	03	17	10	 -25.51	 125.71	0.229		285.9546	266.5858	216.7248	 89.0225	1
	2018	12	04	01	23	 -24.95	 150.18	0.910		266.9357	215.8681	157.0342	 73.0931	1
	2018	12	04	16	15	 -12.74	 130.44	0.334		280.5627	266.2970	192.6747	 79.4488	1
	2018	12	07	15	13	 -11.37	 132.01	0.304		288.3389	266.9930	197.7239	 63.4681	1
	2018	12	07	15	14	 -15.62	 132.33	0.846		287.2193	247.8857	149.6212	 72.4961	1
	2018	12	11	13	20	 -13.34	 137.41	0.218		283.7381	270.6967	205.6945	 70.7143	1
	2018	12	12	00	47	 -10.67	 131.88	0.271		276.5525	266.5494	199.6861	 72.3987	1
	2018	12	13	13	16	 -31.29	 149.31	0.513		291.2193	258.6334	195.9639	104.6462	1
	2018	12	18	11	59	 -13.88	 131.99	0.370		282.0674	265.6555	190.9346	 71.1079	1
	2018	12	19	11	13	 -30.54	 152.77	0.223		277.6442	264.8755	211.0293	 97.5798	1
	2018	12	20	10	20	 -30.12	 151.63	0.223		280.2356	264.7896	210.5446	106.7997	1
	2018	12	20	10	20	 -31.41	 153.64	0.823		266.3024	227.1855	165.2471	 93.2743	1
	2018	12	24	09	55	 -16.19	 141.33	0.277		284.9683	269.3372	198.1608	 86.6926	1
	2018	12	26	09	44	 -13.95	 130.54	0.318		282.8584	266.1202	194.7677	 67.3298	1
	2018	12	27	08	52	 -13.88	 142.02	0.288		283.8664	268.0627	195.0614	 73.5807	1
	2018	12	28	09	33	 -14.82	 125.96	0.246		295.5829	268.6721	212.1767	 83.6751	1
	2018	12	29	20	06	 -18.55	 123.72	0.205		290.0346	269.5723	211.8667	 93.7597	1
	2018	12	31	08	31	 -15.68	 131.66	0.290		282.3814	265.5686	199.2810	 80.3971	1
	2019	01	01	07	39	 -15.78	 133.74	0.272		301.0030	270.0945	201.0461	 70.5207	1
	2019	01	03	07	29	 -15.85	 130.29	0.203		327.1869	272.4176	206.3487	105.0209	1
	2019	01	03	07	29	 -15.94	 132.12	0.220		293.7187	270.5672	202.6784	 84.1117	1
	2019	01	03	07	29	 -16.08	 131.55	0.880		294.1537	242.3478	153.1288	 71.6954	1
	2019	01	03	07	29	 -20.12	 130.02	0.492		313.1873	255.3060	194.6422	110.9653	0
	2019	01	06	06	25	 -14.74	 130.14	0.220		298.9826	270.7395	212.6716	 75.1486	1
	2019	01	08	06	15	 -14.56	 127.49	0.219		302.0746	270.0915	209.9775	 89.8896	1
	2019	01	09	05	22	 -12.94	 133.91	0.224		287.9807	268.0873	211.0784	 88.2226	1
	2019	01	09	05	23	 -12.80	 135.56	0.461		284.8437	260.1181	183.0037	 57.7195	1
	2019	01	09	05	23	 -13.17	 134.91	0.356		291.1923	261.1919	193.4403	 71.7185	1
	2019	01	10	04	31	 -16.18	 141.99	0.237		301.0498	271.6985	204.9820	 82.5477	1
	2019	01	12	04	19	 -14.89	 134.26	0.316		302.5453	264.6722	189.5709	 69.9197	1
	2019	01	12	15	45	 -15.37	 126.03	0.953		275.3841	227.3590	141.6670	 63.8925	1
	2019	01	17	14	31	 -20.86	 121.25	0.607		300.2130	255.0592	173.9495	 57.2523	1
	2019	01	20	11	53	 -33.41	 149.07	0.345		276.0129	262.5200	200.8079	105.1551	1
	2019	01	24	13	10	 -19.96	 119.03	0.200		284.6020	271.7894	202.6335	 64.2634	1
	2019	01	26	09	50	 -35.24	 150.37	0.207		282.5702	262.3839	218.8421	124.9718	1
	2019	01	29	08	49	 -36.21	 150.31	0.212		276.1981	259.5017	216.8061	118.4398	1
	2019	01	29	08	49	 -35.76	 150.10	0.265		278.2560	262.5222	217.9694	118.0683	1
	2019	01	29	10	27	 -14.02	 135.05	0.245		288.4284	270.2275	200.1758	 75.8457	1
	2019	01	29	10	27	 -14.25	 133.54	0.423		284.4394	261.0696	181.5064	 65.2452	1
	2019	01	30	11	07	 -20.82	 120.15	0.395		310.1247	265.3207	193.3573	 71.9071	1
	2019	01	30	22	59	 -41.76	 153.34	0.393		269.3371	261.2011	192.7806	 79.0933	1
	2019	01	31	10	17	 -17.08	 128.87	0.228		291.3139	270.2414	208.8639	 78.6397	1
	2019	01	31	10	17	 -16.31	 130.77	0.498		282.4860	259.1040	194.6336	 82.3759	1
	2019	02	02	10	06	 -21.54	 116.31	0.415		298.9455	254.7529	188.9295	 90.1897	1
	2019	02	03	09	15	 -19.57	 125.70	0.321		326.5923	264.6112	200.8879	 98.0834	1
	2019	02	03	09	16	 -15.66	 130.59	0.202		288.5328	270.3954	209.9049	 87.2856	1
	2019	02	04	06	46	 -36.71	 148.82	0.242		286.0469	260.1774	213.0664	112.5506	1
	2019	02	04	09	56	 -21.89	 116.67	0.400		286.5165	257.7509	216.7535	111.5469	0
	2019	02	05	09	07	 -16.80	 128.59	0.210		292.8464	271.1430	214.6961	 75.1389	1
	2019	02	05	09	07	 -15.41	 129.89	0.214		286.1855	271.5417	201.9260	 71.7951	1
	2019	02	06	06	36	 -37.77	 144.08	0.260		281.9478	255.5838	214.3335	125.8715	0
	2019	02	06	08	15	 -16.78	 130.04	0.410		298.7417	261.5827	192.0840	 70.5043	1
	2019	02	07	08	53	 -29.40	 116.53	0.553		291.9576	250.7973	203.8260	141.9114	0
	2019	02	08	06	28	 -32.25	 145.16	0.298		300.8625	263.7969	212.4503	114.5460	1
	2019	02	08	06	28	 -33.63	 146.96	0.616		296.1125	259.2396	200.5850	111.5653	0
	2019	02	08	08	05	 -17.29	 128.13	0.500		295.0719	257.4902	194.1584	 81.4687	1
	2019	02	08	08	05	 -16.72	 129.67	0.228		301.3483	270.0278	214.5350	 94.6096	1
	2019	02	08	08	05	 -15.46	 126.32	0.367		291.2464	265.7938	185.7225	 65.0216	1
	2019	02	08	08	06	 -15.88	 129.59	0.385		303.5125	257.3260	183.7939	 94.8565	1
	2019	02	08	08	06	 -14.43	 127.54	0.510		291.1248	260.0988	177.4007	 64.4570	1
	2019	02	08	08	06	 -15.52	 129.69	0.243		302.4197	264.1673	199.6542	 84.7119	1
	2019	02	08	08	06	 -15.74	 130.39	0.315		302.5013	266.5644	201.1591	 81.5998	1
	2019	02	08	08	06	 -14.87	 132.54	0.277		292.8632	266.5977	199.3331	 75.3466	1
	2019	02	08	08	07	 -12.23	 132.37	0.314		288.3986	266.4453	199.2103	 82.7784	1
	2019	02	09	05	36	 -37.58	 151.68	0.364		274.1349	258.9119	214.5576	112.3898	1
	2019	02	12	07	45	 -21.46	 116.65	0.235		301.2605	268.5489	217.4362	116.4132	1
	2019	02	13	18	38	 -19.44	 141.05	0.377		287.0993	261.3151	209.3461	 81.6240	1
	2019	02	16	05	53	 -14.91	 130.21	0.463		284.8936	259.7922	187.1004	 73.0925	1
	2019	02	16	05	54	 -13.79	 130.23	0.278		296.2414	267.3957	193.8446	 71.0005	1
	2019	02	18	02	30	 -41.93	 154.15	0.223		273.8614	267.5788	217.9900	106.6725	1
	2019	02	18	17	33	 -38.52	 152.90	0.328		274.1958	264.5839	213.2789	119.6059	1
	2019	03	01	15	46	 -22.40	 122.56	0.479		299.1061	256.8892	188.3247	 91.3681	1
	2019	03	01	15	46	 -22.56	 121.62	0.813		280.3555	238.6719	176.4103	 97.1962	1
	2019	03	05	22	04	 -39.67	 154.33	0.461		272.8988	261.2310	204.6687	 91.9788	1
	2019	03	08	01	07	 -11.38	 113.96	0.223		278.0538	269.1981	208.5019	 83.7200	1
	2019	03	12	10	56	 -17.91	 142.57	0.318		293.1823	265.0187	203.2115	108.9489	1
	2019	03	12	10	56	 -21.09	 146.95	0.263		287.0355	265.6172	206.9863	107.0226	1
	2019	03	13	23	03	 -11.59	 120.71	0.306		289.2264	268.0236	194.5803	 66.4614	1
	2019	03	14	22	10	 -16.16	 129.93	0.737		274.6066	251.9348	143.8996	 51.2753	1
	2019	03	15	11	28	 -20.35	 122.35	0.857		300.4879	244.4866	159.0880	 68.8080	1
	2019	03	21	07	55	 -27.47	 152.30	0.407		279.6143	254.9185	200.5989	107.4908	1
	2019	03	22	08	33	 -14.23	 130.96	0.278		287.8322	267.6927	198.7469	 75.9251	1
	2019	03	22	10	10	 -30.79	 119.04	0.340		286.1084	252.4398	217.6490	144.0339	0
	2019	03	22	10	11	 -32.15	 121.58	0.243		279.1483	252.6638	225.3510	168.4104	0
	2019	03	24	16	36	 -40.60	 148.78	0.201		272.5543	262.8130	222.6303	124.1797	1
	2019	03	27	18	48	 -14.56	 124.71	0.583		278.5536	258.3196	173.7612	 59.6733	1
	2019	04	05	15	44	 -13.98	 123.96	0.234		280.8299	267.7040	207.1200	 82.6333	1
	2019	04	09	12	13	 -31.04	 154.61	0.908		273.2484	230.5780	149.7576	 67.0625	1
	2019	04	09	15	22	 -17.11	 113.89	0.504		281.7461	259.3226	184.6324	 66.2225	1
	2019	09	17	13	04	 -33.05	 153.93	0.500		265.2638	260.1060	203.7195	101.4003	1
	2019	10	11	19	38	 -23.68	 153.79	0.271		275.6704	263.1476	207.8645	111.7972	1
	2019	10	17	04	11	 -40.36	 153.48	0.228		274.6501	267.8423	228.5598	146.5878	0
	2019	10	17	04	11	 -40.01	 153.30	0.364		269.0585	256.2153	209.3759	136.9789	1
	2019	10	17	04	11	 -38.85	 153.47	0.343		267.9287	259.5151	220.3540	134.1107	1
	2019	11	02	14	47	 -29.87	 144.12	0.237		293.5782	267.6689	218.7964	116.0572	0
	2019	11	03	00	32	 -30.27	 142.12	0.234		298.7727	267.3893	207.5010	 98.6962	1
	2019	11	06	12	57	 -39.18	 152.73	0.257		272.4681	266.1807	216.1756	105.8407	1
	2019	11	06	12	57	 -41.19	 153.37	0.239		270.2491	266.7860	222.0335	133.4089	1
	2019	11	17	09	36	 -27.93	 154.50	0.960		256.5092	197.7943	132.9859	 64.9943	1
	2019	11	17	09	36	 -28.27	 153.95	0.349		270.7405	250.7468	197.1774	103.7896	1
	2019	11	22	08	18	 -16.98	 137.62	0.351		294.5051	256.9292	207.9196	109.6329	1
	2019	11	24	19	32	 -18.19	 124.69	0.203		292.1163	269.4337	217.3361	116.3068	0
	2019	11	25	08	50	 -21.05	 119.82	0.431		296.2413	257.9268	193.3590	106.0326	1
	2019	11	25	08	50	 -18.67	 122.22	0.468		314.5738	259.2176	198.3265	103.0192	1
	2019	11	26	07	57	 -14.83	 127.23	0.490		299.4878	259.1089	196.2184	103.9764	1
	2019	11	27	08	40	 -21.49	 119.45	0.313		287.5520	256.7227	211.4599	117.8826	0
	2019	12	01	06	43	 -14.73	 125.67	0.292		293.3167	265.2157	205.6808	 79.6714	1
	2019	12	01	06	43	 -14.55	 127.07	0.292		308.3378	266.2442	208.7278	121.9577	1
	2019	12	11	12	37	 -27.56	 153.11	0.852		273.0153	243.0944	154.5075	 71.8752	1
	2019	12	21	11	49	 -15.31	 127.51	0.210		285.1012	269.9920	217.4617	 94.3196	1
	2019	12	21	11	49	 -15.32	 127.02	0.219		309.2046	268.2176	217.4124	 99.0880	1
	2019	12	24	09	13	 -24.34	 149.95	0.498		288.1952	250.8830	192.6678	113.5961	0
	2019	12	25	08	21	 -25.91	 150.78	0.535		283.1658	252.1061	203.7848	117.1217	1
	2019	12	25	08	21	 -24.93	 151.22	0.758		273.1318	243.9771	177.5372	 78.1143	1
	2019	12	25	09	51	 -33.11	 121.90	0.245		291.5776	264.2329	214.8185	111.2261	1
	2019	12	25	09	56	 -18.76	 137.33	0.834		295.1093	244.7785	165.3907	 77.8131	1
	2019	12	25	09	56	 -19.21	 138.01	0.853		285.6700	236.7835	164.1438	 73.2763	1
	2019	12	26	09	04	 -17.51	 143.22	0.465		276.2420	251.4275	197.9932	103.7243	1
	2019	12	26	09	05	 -13.27	 144.05	0.677		273.1268	253.7486	171.1475	 75.8133	1
	2019	12	26	09	06	 -12.89	 143.61	0.228		278.2444	266.3228	202.1528	 82.7232	1
	2019	12	26	22	19	 -12.06	 134.86	0.729		276.5565	254.5017	137.0535	 55.7643	1
	2019	12	26	22	20	 -12.46	 134.72	0.310		290.8339	263.8370	202.8545	 82.6162	1
	2019	12	26	22	20	 -13.69	 134.79	0.346		280.9826	263.3878	195.5414	 75.9788	1
	2019	12	26	22	20	 -13.40	 135.56	0.493		281.9328	257.7819	180.9439	 70.9188	1
	2019	12	26	22	20	 -14.17	 134.17	0.698		282.2317	252.8548	163.1933	 68.8298	1
	2019	12	27	09	45	 -19.51	 127.06	0.205		333.5984	268.5560	231.0117	122.4879	0
	2019	12	27	09	46	 -15.62	 125.90	0.246		288.9655	264.6102	217.7649	107.7126	1
	2019	12	28	08	54	 -17.81	 136.55	0.554		302.0494	257.2774	178.9793	 73.1235	1
	2019	12	29	09	35	 -23.15	 124.41	0.953		267.9945	208.6395	155.5756	 90.3980	1
	2019	12	29	09	36	 -17.99	 123.22	0.322		319.8633	263.6820	187.7076	 67.7687	1
	2019	12	31	07	53	 -18.34	 138.90	0.419		320.0533	263.9717	187.9953	 86.1425	1
	2020	01	10	18	45	 -13.28	 127.51	0.319		278.2300	265.0782	196.9597	 74.7134	1
	2020	01	13	17	44	 -16.90	 128.82	0.239		289.8942	267.1420	209.7413	 77.4015	1
	2020	01	16	16	41	 -16.62	 130.36	0.276		285.6080	268.0863	200.4052	 75.2413	1
	2020	01	17	04	08	 -18.95	 122.10	0.244		310.7035	271.0273	205.7047	 73.2495	1
	2020	01	18	14	59	 -14.50	 147.23	0.214		287.0116	268.6945	204.5385	 97.5542	1
	2020	01	18	15	00	 -16.11	 147.15	0.302		282.8840	264.6018	192.2962	 67.9923	1
	2020	01	19	15	42	 -18.43	 140.34	0.207		307.9049	270.5053	213.6191	 92.4732	1
	2020	01	20	14	55	 -36.85	 154.85	0.357		270.3504	264.6680	191.2038	 77.2671	1
	2020	01	23	13	52	 -34.72	 153.57	0.276		273.8260	263.7556	208.9087	 87.1581	1
	2020	01	23	13	52	 -36.89	 153.49	0.418		274.4350	259.5175	182.4351	 85.3499	1
	2020	01	23	13	52	 -38.15	 154.29	0.301		274.8833	267.8702	199.5013	 68.4997	1
	2020	02	06	10	59	 -17.06	 132.16	0.296		297.0198	268.0493	198.6811	 73.4261	1
	2020	02	06	10	59	 -17.66	 132.37	0.330		301.5789	266.4679	192.3292	 76.5226	1
	2020	02	07	10	06	 -14.12	 130.74	0.536		282.3589	258.1752	165.3130	 52.1907	1
	2020	02	07	10	06	 -12.71	 132.59	0.522		286.3086	261.8164	166.0823	 64.8177	1
	2020	02	10	09	04	 -12.55	 132.66	0.487		282.0151	262.7022	173.4013	 58.0725	1
	2020	02	11	08	14	 -14.45	 143.67	0.366		289.5247	266.3937	187.9429	 63.5942	1
	2020	02	11	08	18	 -27.95	 149.45	0.276		313.8406	264.3543	196.4573	 87.4924	1
	2020	02	11	09	48	 -17.05	 125.79	0.214		295.3086	269.3986	208.1876	 66.5850	1
	2020	02	13	08	04	 -12.74	 135.34	0.315		297.1955	268.7840	186.5815	 62.6863	1
	2020	02	13	09	39	 -18.61	 122.85	0.324		304.2354	267.9948	195.9964	 71.8696	1
	2020	02	13	19	30	 -19.16	 128.33	0.275		295.7849	266.4969	193.8808	 73.0198	1
	2020	02	15	07	55	 -13.40	 133.78	0.209		303.8329	266.3970	204.7201	 94.6752	1
	2020	02	15	07	55	 -17.80	 130.68	0.315		312.2114	265.8587	204.4716	 90.3715	1
	2020	02	15	19	20	 -18.03	 129.33	0.494		291.7196	260.1810	181.4837	 75.0988	1
	2020	02	16	07	05	 -18.28	 140.35	0.864		285.9854	246.0148	159.3304	 53.5060	1
	2020	02	16	07	05	 -18.15	 140.82	0.873		290.2240	241.6715	142.9774	 55.0979	1
	2020	02	16	07	05	 -16.21	 143.09	0.201		308.0032	270.4354	219.9936	 90.2693	1
	2020	02	16	18	29	 -18.93	 131.04	0.210		296.5515	270.4504	212.6342	 92.2896	1
	2020	02	18	07	00	 -33.56	 147.99	0.364		316.8692	260.0031	210.2513	125.1217	0
	2020	02	18	07	00	 -34.10	 148.09	0.301		306.5087	258.5043	215.3826	112.8349	1
	2020	02	18	07	01	 -37.94	 144.59	0.241		281.7909	267.9258	224.4777	134.4186	0
	2020	02	18	07	01	 -37.61	 149.34	0.964		262.6952	217.5260	174.5235	117.5380	0
	2020	02	18	07	02	 -39.50	 151.34	0.682		274.8899	256.3738	182.2835	 76.1896	1
	2020	02	18	07	02	 -40.56	 150.27	0.233		271.3383	264.6123	228.6467	133.9178	1
	2020	02	19	06	06	 -25.22	 149.29	0.400		286.2548	258.2999	193.3002	 78.1634	1
	2020	02	23	17	06	 -28.26	 119.31	0.311		289.2189	263.4617	203.1547	119.0201	0
	2020	02	26	14	33	 -23.81	 150.18	0.282		282.1945	267.5250	200.2796	 82.0342	1
	2020	02	26	16	02	 -34.05	 113.79	0.270		273.9779	260.4137	213.1589	 99.3608	1
	2020	03	04	13	11	 -19.89	 139.21	0.205		286.9875	270.9084	210.1029	105.1840	1
	2020	03	05	12	19	 -23.46	 148.16	0.543		281.7760	258.0418	181.3628	 77.9090	1
	2020	03	17	09	41	 -29.72	 124.88	0.219		307.3015	263.7211	217.4029	113.7263	1
	2020	03	29	19	00	 -36.01	 152.88	0.311		274.3326	263.4561	214.9182	108.6248	1
	2020	05	09	07	03	 -35.29	 151.69	0.318		274.2261	259.6003	218.0423	123.0448	1
	2020	05	09	07	03	 -38.46	 150.93	0.314		274.5052	262.8062	220.6074	116.4780	1
	2020	05	20	13	24	 -35.57	 152.30	0.225		275.1980	257.0054	215.6537	130.7988	1
	2020	06	28	18	09	 -34.40	 120.11	0.266		272.0882	265.4650	221.4098	113.0322	1
	2020	08	12	12	29	 -33.61	 154.75	0.213		276.6081	268.6009	231.0351	143.1052	0
	2020	09	22	15	33	 -40.88	 154.94	0.290		270.9938	263.5099	222.8434	146.4904	0
	2020	10	18	16	47	 -30.62	 154.68	0.204		275.1122	269.4237	222.2487	107.0013	1
	2020	10	23	05	48	 -27.81	 148.74	0.751		291.5234	242.3588	191.8717	102.4124	1
	2020	10	23	05	48	 -30.44	 148.80	0.808		279.3340	243.7707	184.2309	 86.9126	1
	2020	10	24	06	26	 -15.66	 136.06	0.284		298.7170	262.9021	198.6507	 76.6260	1
	2020	10	25	05	34	 -17.61	 136.38	0.265		303.1795	262.1610	207.8612	103.1986	1
	2020	10	25	05	34	 -16.68	 137.53	0.442		289.0624	261.9717	193.8118	 73.8206	1
	2020	10	25	17	00	 -14.83	 135.70	0.359		276.0291	264.2107	192.6539	 77.2114	1
	2020	10	26	04	44	 -23.06	 150.55	0.214		286.6440	266.3798	217.7839	104.8512	1
	2020	10	26	06	16	 -19.79	 130.18	0.443		289.7038	260.9946	201.1904	 89.7496	1
	2020	10	28	04	34	 -22.92	 149.61	0.699		283.1594	243.2261	184.3585	107.4958	1
	2020	10	28	04	34	 -23.12	 149.98	0.395		285.1675	256.9880	204.5299	113.8653	1
	2020	10	28	04	34	 -24.55	 151.29	0.672		274.7480	239.0540	185.7310	102.2515	1
	2020	10	28	04	34	 -25.70	 152.70	0.743		279.5497	238.7290	170.9522	 92.9706	1
	2020	10	28	04	34	 -25.63	 151.25	0.647		274.3174	243.5818	198.9273	 96.1779	1
	2020	10	28	04	35	 -26.92	 152.97	0.355		275.9409	260.4475	200.3383	105.8278	1
	2020	10	28	04	36	 -30.75	 149.59	0.739		275.8351	249.4535	196.1689	116.5952	1
	2020	10	28	04	36	 -33.53	 147.58	0.309		278.3829	263.2498	222.2082	127.6981	1
	2020	10	28	14	20	 -30.95	 154.81	0.319		273.7449	262.9821	219.7331	123.1856	1
	2020	10	28	14	21	 -26.87	 154.03	0.573		272.9546	254.8969	181.8316	 95.6866	1
	2020	10	30	04	26	 -33.11	 144.27	0.566		298.5505	258.0962	204.9136	131.9177	0
	2020	10	30	04	26	 -33.56	 144.28	0.224		289.7750	269.8624	238.4004	156.3371	0
	2020	10	31	03	33	 -27.62	 152.81	0.292		269.3929	253.8320	213.9831	148.8560	0
	2020	10	31	03	34	 -28.47	 153.29	0.417		276.6597	246.0214	194.0326	115.9262	0
	2020	10	31	03	34	 -30.72	 153.41	0.553		269.9552	249.2910	199.4004	139.7533	0
	2020	10	31	03	35	 -34.15	 151.61	0.259		273.8462	264.3786	223.9514	139.0925	0
	2020	10	31	03	35	 -33.57	 154.74	0.995		250.0344	201.1341	147.8120	 88.2635	1
	2020	11	13	09	54	 -30.15	 153.03	0.288		279.4604	263.5155	205.2095	100.6416	1
	2020	11	13	11	29	 -16.66	 129.76	0.378		308.5216	265.7299	202.1476	 84.8343	1
	2020	11	14	10	37	 -20.62	 135.00	0.275		298.9085	261.7752	208.5700	126.7062	0
	2020	11	16	08	51	 -32.87	 151.78	0.304		279.0591	255.8369	210.0567	122.1062	1
	2020	11	25	07	23	 -17.95	 140.91	0.711		278.6278	246.1334	181.0895	 82.4071	1
	2020	11	25	07	24	 -12.23	 142.85	0.210		285.3587	268.8865	210.2381	 89.2122	1
	2020	11	26	08	05	 -15.32	 129.82	0.247		294.2432	271.1469	207.5477	 78.8423	1
	2020	11	26	08	05	 -14.04	 129.87	0.344		285.7700	265.6007	200.3935	 71.7396	1
	2020	11	26	08	06	 -13.08	 131.21	0.248		291.3139	267.6647	215.0308	102.1294	1
	2020	11	28	07	54	 -18.04	 122.95	0.448		290.4275	260.2547	194.0412	 85.9072	1
	2020	12	20	01	19	 -16.80	 122.36	0.207		283.4349	268.4285	215.1835	 90.9487	1
	2020	12	24	22	34	 -15.82	 140.64	0.293		280.3283	267.6358	194.3410	 72.5097	1
	2020	12	26	11	04	 -35.69	 150.60	0.369		272.3517	259.9826	209.0811	110.3887	1
	2020	12	26	20	47	 -34.59	 154.66	0.216		274.5632	268.0842	223.3819	122.1514	1
	2020	12	26	20	47	 -34.33	 153.59	0.336		276.2881	265.7175	207.2738	 99.6013	1
	2020	12	26	20	47	 -34.05	 154.97	0.950		267.4980	231.9395	177.5395	 86.1689	1
	2020	12	27	11	41	 -17.69	 132.54	0.234		296.5105	267.8341	201.7371	 94.1217	1
	2020	12	27	19	54	 -36.22	 153.12	0.406		269.6107	252.3344	215.0485	135.2563	0
	2020	12	27	19	54	 -37.47	 153.52	0.990		265.2233	210.9012	140.3613	 80.5971	1
	2020	12	27	19	54	 -37.02	 153.71	0.293		274.7761	261.6664	210.5528	105.5261	1
	2020	12	27	19	54	 -36.79	 154.83	0.337		272.1693	259.5114	209.5662	120.0744	1
	2020	12	27	21	29	 -29.70	 143.83	0.273		308.2788	264.5713	213.0469	112.8161	1
	2020	12	28	10	53	 -29.53	 145.06	0.331		296.8325	261.1123	207.3858	111.1417	1
	2020	12	28	10	54	 -30.97	 148.23	0.496		293.5910	259.7303	193.7617	 90.1323	1
	2021	01	08	19	00	 -12.16	 131.99	0.208		286.8358	271.1222	213.0469	 74.8387	1
	2021	01	14	07	04	 -18.50	 124.43	0.231		305.2672	265.3332	214.0332	 86.1695	1
	2021	01	15	14	25	 -37.25	 154.89	0.614		272.6758	257.1702	194.5338	114.8532	1
	2021	01	15	14	25	 -35.44	 154.45	0.312		274.3275	267.3904	210.1804	 99.1115	1
	2021	01	15	17	37	 -13.12	 120.91	0.258		286.6361	267.7453	199.3752	 77.7160	1
	2021	01	20	16	25	 -15.61	 120.56	0.233		280.5518	268.4111	200.3433	 69.9861	1
	2021	01	22	03	19	 -26.97	 147.04	0.211		301.0147	262.0676	206.8038	107.5499	1
	2021	01	24	14	29	 -22.07	 129.46	0.205		314.5936	265.8464	211.4370	 69.1562	1
	2021	01	25	13	38	 -15.31	 140.18	0.202		279.7615	270.9966	210.9604	 73.5262	1
	2021	02	11	08	17	 -21.24	 142.50	0.213		315.2016	274.6916	196.6431	 75.7253	1
	2021	02	11	09	49	 -23.27	 119.31	0.202		298.6059	268.8946	208.2142	 96.2714	1
	2021	02	14	07	16	 -21.23	 142.85	0.262		296.8501	271.6084	191.9100	 78.7131	1
	2021	02	14	07	16	 -21.25	 141.21	0.219		292.3510	271.0926	203.6661	 80.4969	1
	2021	02	19	07	40	 -15.78	 124.33	0.411		279.3935	261.0235	189.8055	 61.2550	1
	2021	02	20	18	29	  -9.63	 142.26	0.250		283.4990	268.7149	209.0347	 71.9806	1
	2021	02	23	04	11	 -29.81	 152.70	0.283		281.9105	263.7679	197.5492	105.1018	1
	2021	02	23	04	11	 -29.19	 152.79	0.498		283.1017	254.2163	190.1833	 75.6088	1
	2021	03	08	02	24	 -12.79	 130.32	0.249		277.8988	270.3984	199.6004	 59.9625	1
	2021	03	10	14	01	 -30.14	 143.14	0.235		300.4997	262.9224	213.6305	125.7944	0
	2021	03	11	13	07	 -26.38	 146.67	0.371		281.3876	258.0567	196.3294	 96.4099	1
	2021	03	24	09	35	 -19.67	 147.94	0.339		287.9229	267.0718	186.0406	 52.6042	1
	2021	04	07	18	13	 -15.69	 113.19	0.315		278.4433	267.2344	188.3703	 66.1641	1
	2021	04	14	05	27	 -19.81	 112.84	0.289		282.8648	266.0192	196.8355	 80.0379	1
	2021	05	12	05	00	 -35.76	 152.84	0.201		276.4056	266.6866	222.8605	121.5023	1
	2021	05	12	05	01	 -31.05	 153.22	0.325		276.1495	262.9055	212.3364	 99.2144	1
	2021	06	08	20	27	 -39.51	 148.37	0.208		266.0998	260.2245	228.8743	149.7678	0
	2021	06	16	18	15	 -36.33	 153.39	0.273		271.1559	265.9051	218.3540	116.9560	1
	2021	06	16	18	17	 -29.71	 154.99	0.465		273.6588	259.5455	191.4638	 89.2451	1
	2021	08	29	11	24	 -32.38	 153.49	0.745		269.2155	240.0970	199.6978	111.5321	1
	2021	10	14	21	24	 -32.39	 154.38	0.955		266.0491	230.7493	164.7437	 70.9905	1
	2021	10	14	21	24	 -33.30	 154.20	0.413		272.6151	262.8885	203.8570	 98.3924	1
	2021	10	14	21	25	 -35.47	 152.72	0.293		270.4973	267.0729	224.2926	106.2469	1
	2021	10	14	21	25	 -36.53	 153.03	0.236		275.7778	271.2338	222.4435	100.1027	1
	2021	10	17	08	34	 -18.25	 132.77	0.230		306.0606	270.2335	223.4160	111.8060	0
	2021	10	17	20	19	 -22.05	 150.02	0.866		269.1801	231.2434	155.9802	 80.2315	1
	2021	10	17	20	20	 -23.02	 150.41	0.773		278.7022	248.4346	163.3627	 80.5524	1
	2021	10	18	07	42	 -20.85	 136.36	0.245		324.0175	265.1262	222.6816	156.7241	0
	2021	10	19	06	51	 -19.94	 148.77	0.390		275.7206	262.5857	191.4202	 84.4051	1
	2021	10	19	06	51	 -19.07	 147.92	0.237		278.2271	267.4285	207.4058	 96.7699	1
	2021	10	19	08	26	 -13.95	 130.82	0.291		298.4084	267.8495	204.5282	 96.3463	1
	2021	10	19	20	11	 -22.62	 150.99	0.367		280.3719	264.5334	202.9443	 84.4680	1
	2021	10	20	05	57	 -31.03	 153.92	0.362		276.0916	260.0431	216.7057	134.4824	1
	2021	10	20	05	57	 -28.57	 153.01	0.518		278.2819	253.4324	209.7992	127.8379	1
	2021	10	20	05	59	 -19.84	 153.60	0.607		266.3936	241.9174	187.3449	 95.1333	1
	2021	10	20	06	00	 -19.15	 152.59	0.390		274.5366	261.0442	195.7998	 93.4034	1
	2021	10	22	05	48	 -24.28	 149.66	0.242		304.5687	265.2937	215.8604	103.3023	1
	2021	10	22	07	24	 -15.36	 130.22	0.351		303.8079	266.1806	206.8373	110.6498	0
	2021	10	25	04	47	 -25.96	 152.32	0.266		278.2242	258.5141	208.8357	119.1979	1
	2021	10	27	06	13	 -14.31	 130.27	0.226		299.6867	267.0559	218.1769	 98.5522	1
	2021	10	30	05	10	 -21.89	 129.33	0.242		307.2098	262.1633	227.1342	166.9103	0
	2021	11	08	02	06	 -23.02	 133.87	0.327		282.2915	259.5759	200.3952	103.6290	1
	2021	11	22	11	09	 -20.23	 130.16	0.314		309.3227	261.6068	204.8811	116.4291	1
	2021	11	24	10	58	 -15.04	 127.23	0.502		289.9784	258.4760	193.7582	 72.1780	1
	2021	11	25	10	07	 -14.14	 135.29	0.286		298.8344	265.7948	192.5116	 86.4233	1
	2021	11	25	10	07	 -17.54	 133.80	0.477		298.6862	255.9733	194.1464	 98.0278	1
	2021	11	25	10	11	 -29.96	 145.91	0.589		280.8517	248.3556	184.5205	 83.1306	1
	2021	11	27	09	56	 -15.33	 125.16	0.444		285.5000	258.9621	190.2435	 84.0851	1
	2021	12	07	06	03	 -27.75	 146.27	0.257		303.7639	265.1917	214.6317	134.5712	0
	2021	12	07	06	03	 -28.70	 147.29	0.276		295.3274	261.1573	221.8133	140.0425	0
	2021	12	07	06	04	 -32.08	 147.59	0.334		283.1082	257.3347	217.6046	112.8834	1
	2021	12	07	06	04	 -32.92	 148.55	0.519		271.5714	256.9892	203.0012	104.5687	1
	2021	12	08	05	11	 -27.91	 153.58	0.341		278.4808	260.8408	199.1632	 98.0608	1
	2021	12	08	18	06	 -17.12	 123.83	0.245		284.2426	267.6006	211.0260	 85.7594	1
	2021	12	10	05	01	 -22.93	 150.33	0.219		285.4252	267.8702	210.5050	102.8359	1
	2021	12	10	05	02	 -27.08	 153.24	0.291		273.7246	260.0915	214.2076	126.0195	0
	2021	12	10	06	31	 -14.42	 126.03	0.221		285.9545	270.4604	213.7858	 79.6798	1
	2021	12	10	06	31	 -15.08	 125.31	0.365		290.9556	265.2906	192.0701	 70.5287	1
	2021	12	10	06	32	 -18.10	 122.78	0.275		315.0429	266.6019	202.8304	101.9333	1
	2021	12	18	12	34	 -36.47	 151.79	0.608		271.5511	253.9725	188.7781	 95.8798	1
	2021	12	18	12	34	 -35.45	 151.94	0.691		271.9007	245.2682	182.1789	 92.7608	1
	2021	12	19	03	31	 -23.59	 138.07	0.204		326.1983	263.6161	207.7362	106.0107	1
	2021	12	19	03	32	 -28.35	 139.64	0.768		313.4248	245.0860	193.2864	 97.4371	1
	2021	12	19	13	20	 -18.76	 139.23	0.390		276.1495	259.4969	196.7657	 78.4196	1
	2021	12	19	14	53	 -17.72	 124.26	0.319		295.3336	267.0601	191.6504	 64.8515	1
	2021	12	19	14	54	 -15.66	 125.37	0.273		289.4428	268.3293	201.6504	 83.1971	1
	2021	12	22	02	24	 -10.26	 125.10	0.261		277.4997	266.8469	207.1150	 85.4888	1
	2021	12	22	13	50	 -18.05	 125.62	0.223		289.2189	265.4723	217.1771	105.6979	1
	2021	12	23	11	22	 -34.44	 151.32	0.305		278.9103	267.3279	204.7423	 88.6079	1
	2021	12	23	11	23	 -29.03	 147.14	0.402		278.9028	251.3727	203.3649	101.0397	1
	2021	12	25	11	15	 -21.05	 146.89	0.361		282.9481	264.1430	201.8359	 84.3595	1
	2021	12	26	10	20	 -32.22	 150.21	0.474		277.5822	259.1480	195.3821	110.2915	1
	2021	12	30	11	36	 -21.29	 121.37	0.231		307.1835	267.8104	213.7599	115.6698	0
	2021	12	30	11	36	 -21.63	 122.13	0.300		285.5250	262.8604	215.6488	133.3824	0
	2022	01	07	09	20	 -21.71	 116.14	0.220		296.4111	270.6689	222.4591	107.3560	0
	2022	01	07	09	20	 -21.64	 117.61	0.213		297.4474	268.7576	209.2567	 99.8500	1
	2022	01	07	09	20	 -21.41	 116.91	0.334		299.3532	265.1897	201.8809	 79.3134	1
	2022	01	07	09	22	 -18.33	 123.95	0.565		313.7284	258.1790	167.8138	 68.7970	1
	2022	01	08	06	55	 -27.13	 149.06	0.223		303.9775	269.7125	218.3019	129.0495	0
	2022	01	08	06	55	 -23.89	 148.66	0.245		291.3478	266.6126	208.7527	 99.9022	1
	2022	01	10	06	45	 -29.27	 145.90	0.236		308.0885	262.2372	208.4520	111.1689	1
	2022	01	10	08	20	 -16.61	 124.69	0.210		298.2294	269.1062	222.4077	 81.5876	1
	2022	01	10	08	20	 -15.30	 125.63	0.272		292.3510	267.0239	198.9560	 77.5267	1
	2022	01	10	20	03	 -16.99	 137.90	0.235		282.5255	269.8025	207.4726	 70.2085	1
	2022	01	10	20	08	 -33.27	 147.10	0.476		273.4764	254.8970	192.2649	107.7223	1
	2022	01	10	20	08	 -34.19	 145.73	0.237		284.0716	265.0750	208.2825	112.2598	1
	2022	01	11	05	51	 -30.38	 146.65	0.230		301.4244	261.2829	207.8012	114.7159	1
	2022	01	11	07	29	 -12.24	 133.82	0.281		284.3540	267.7516	204.9170	 85.7842	1
	2022	01	11	07	29	 -12.44	 134.75	0.315		283.3900	265.9030	196.3857	 74.3052	1
	2022	01	13	05	40	 -35.08	 142.32	0.548		289.4874	257.2674	187.3941	 86.5951	1
	2022	01	13	05	40	 -32.39	 142.55	0.907		283.5502	227.7125	161.9464	 75.6552	1
	2022	01	13	05	40	 -31.78	 143.37	0.771		271.2421	244.6907	199.5181	116.0071	0
	2022	01	13	05	41	 -29.97	 144.58	0.246		308.1672	266.3518	216.6052	143.7905	0
	2022	01	13	07	17	 -17.31	 125.09	0.437		296.5925	259.9220	202.6180	 74.0768	1
	2022	01	13	20	34	 -14.56	 123.98	0.203		278.5907	268.9767	200.5049	 65.1023	1
	2022	01	14	04	48	 -37.51	 149.18	0.448		274.6235	258.1136	212.1767	101.0077	1
	2022	01	15	03	56	 -37.57	 153.10	0.335		275.1337	266.4990	199.3836	 85.9504	1
	2022	01	15	05	35	 -18.94	 144.54	0.215		295.8376	267.2918	214.2253	 94.7887	1
	2022	01	15	07	09	 -12.67	 119.24	0.231		279.8269	268.8764	203.4734	 68.1079	1
	2022	01	22	17	31	 -19.46	 126.45	0.232		291.7196	269.2667	206.1138	 85.2790	1
	2022	02	13	10	58	 -15.67	 130.38	0.219		296.3115	267.7660	211.4681	107.9861	1
	2022	02	15	10	47	 -18.80	 122.32	0.363		285.4585	264.1832	202.5782	 75.0095	1
	2022	02	17	10	36	 -21.55	 116.07	0.371		295.7499	262.8830	194.6095	 88.4907	1
	2022	02	18	08	14	 -27.25	 152.45	0.256		279.4380	257.4877	206.3453	123.3923	1
	2022	02	18	21	10	 -10.82	 124.40	0.277		276.9908	268.8490	199.8589	 65.8607	1
	2022	02	20	17	46	 -38.03	 152.67	0.993		259.7465	211.8827	136.1713	 66.0143	1
	2022	02	22	07	53	 -27.48	 144.96	0.490		283.3388	251.2343	200.5920	109.8961	1
	2022	02	22	07	53	 -28.72	 145.78	0.467		285.2175	256.5597	189.5793	 89.6134	1
	2022	02	24	19	03	 -18.18	 124.24	0.265		282.4113	269.0486	209.1938	 93.3859	1
	2022	02	26	07	27	 -14.85	 124.44	0.204		278.2617	267.6813	208.8356	 78.7134	1
	2022	02	26	07	28	 -15.43	 124.63	0.527		284.7108	258.8763	168.7455	 64.6044	1
	2022	02	26	07	28	 -16.28	 124.24	0.722		281.7909	249.0692	166.3811	 56.3979	1
	2022	02	28	05	45	 -17.03	 141.48	0.321		294.7356	266.9024	186.3189	 66.7161	1
	2022	02	28	07	18	 -20.73	 118.28	0.411		316.5645	262.5188	201.2703	 92.2196	1
	2022	02	28	07	18	 -18.10	 122.72	0.212		289.5248	269.2193	215.2510	 75.1387	1
	2022	03	07	15	47	 -16.70	 124.96	0.336		277.0526	264.4713	199.2692	 76.1687	1
	2022	03	09	02	39	 -23.54	 150.52	0.506		286.0854	261.1411	170.8417	 65.0079	1
	2022	03	26	08	30	 -25.86	 147.64	0.347		276.1842	260.6379	207.4158	120.8350	0
	2022	03	26	10	01	 -30.21	 117.06	0.205		295.9136	264.0740	210.0699	 96.0734	1
	2022	03	28	09	50	 -30.01	 116.56	0.339		293.3447	264.5734	205.3974	 83.6006	1
	2022	03	28	09	50	 -28.60	 116.88	0.490		285.0595	258.0987	188.2639	101.4106	1
	2022	03	28	09	50	 -27.41	 117.00	0.422		321.2195	264.0273	194.4375	 93.8572	1
	2022	03	28	09	51	 -25.76	 118.48	0.329		283.4669	264.1504	205.7729	 99.4943	1
